
%% Define an array of the staring points for the trajectorise here
IP=[-10,8;
    -10,6;
    -10,4;
    -9,4;
    -8,4;
    -8,6;
    -6,3;
    -5,6;
    -4,4;
    -4,2;
    -3,3;
    -2,2;
    -2,1;
    ];
IP1=IP;
IP1(:,1)=IP1(:,1)+2;
IP2=-IP1;
IP1=[0,0];
IP2=[25,20];
%% End of the array for the starting points of trajectories
%%
IP=[IP1;IP2];

IP=[0,5;
    0,10;
    0,15;
    0,20;
    0,25;
    5,5;
    5,10;
    5,15;
    5,20;
    5,25;
    10,5;
    10,10;
    10,15;
    10,20;
    10,25;
    15,5;
    15,10;
    15,15;
    15,20;
    15,25;
    20,5;
    20,10;
    20,15;
    20,20;
    20,25;
    25,5;
    25,10;
    25,15;
    25,20;
    25,25;];
    